Eigenvalues:
0.76997, 61.9937, 106.827, 110.895, 13.9536, 111.416, 4.77896, 106.144, 26.7199, 62.7007
Eigenvectors:
0.179401, -0.447475, -0.237496, 0.217144, -0.405018, -0.216787, -0.33687, 0.241496, -0.317236, -0.424911
0.150509, 0.526976, -0.342254, 0.196528, -0.209543, -0.299116, -0.232587, 0.234335, -0.0946128, 0.540872
0.483729, 0.0977323, 0.480781, 0.0407659, -0.153747, 0.463126, -0.508861, 0.00974849, 0.151437, 0.0595901
0.130249, -0.0750894, -0.0207836, 0.53335, 0.438756, -0.0330067, 0.102907, 0.513402, 0.459629, -0.116082
0.623221, -0.117235, -0.435626, -0.506221, 0.389644, -6.6041e-005, -3.82149e-007, -3.84919e-006, 8.46382e-006, 1.0089e-006
7.62307e-006, 7.41889e-006, 1.66764e-006, -7.52079e-005, 3.41007e-006, 0.543915, 0.354654, 0.496159, -0.558961, 0.140589
0.483733, 0.0977318, 0.480777, 0.0408939, -0.15374, -0.463124, 0.508858, -0.00974066, -0.151425, -0.0595906
-0.130261, 0.075106, 0.0207736, -0.533341, -0.438751, -0.0331545, 0.102913, 0.513403, 0.459626, -0.116085
0.179392, -0.447482, -0.237484, 0.217084, -0.405018, 0.216851, 0.336877, -0.241485, 0.317241, 0.424908
-0.150507, -0.526969, 0.342241, -0.196445, 0.209538, -0.299177, -0.232593, 0.234357, -0.0946162, 0.540874
Determinant of A: 7.4712e+014
Total Iterations: 120
TOL history: 
